"Status","Start Time","Stop Time","Duration in ms","Parent Suite","Suite","Sub Suite","Test Class","Test Method","Name","Description"
"passed","Mon Jul 06 09:10:30 UTC 2026","Mon Jul 06 09:10:32 UTC 2026","1590","API Coverage - Arise + Bamboo + Dolphin","Dolphin","com.testcase.dolphin.searchRec.ProductMainSearchTest","com.testcase.dolphin.searchRec.ProductMainSearchTest","EpProductPriceRangeFilterTest","EpProductPriceRangeFilterTest",""
"passed","Mon Jul 06 09:10:29 UTC 2026","Mon Jul 06 09:10:29 UTC 2026","26","API Coverage - Arise + Bamboo + Dolphin","Bamboo","com.testcase.dolphin.cpvProduct.CpvTest","com.testcase.dolphin.cpvProduct.CpvTest","searchCategoryByNameTest","searchCategoryByName",""
"passed","Mon Jul 06 09:10:39 UTC 2026","Mon Jul 06 09:10:39 UTC 2026","263","API Coverage - Arise + Bamboo + Dolphin","Dolphin","com.testcase.dolphin.searchRec.ProductMainSearchTest","com.testcase.dolphin.searchRec.ProductMainSearchTest","epFrRewriteEpinglTest","epFrRewriteEpinglTest",""
"passed","Mon Jul 06 09:10:29 UTC 2026","Mon Jul 06 09:10:30 UTC 2026","770","API Coverage - Arise + Bamboo + Dolphin","Dolphin","com.testcase.dolphin.searchRec.ProductMainSearchTest","com.testcase.dolphin.searchRec.ProductMainSearchTest","EpProductNewMainSearchTest","EpProductNewMainSearchTest",""
"passed","Mon Jul 06 09:15:56 UTC 2026","Mon Jul 06 09:15:56 UTC 2026","26","API Coverage - Arise + Bamboo + Dolphin","Dolphin","com.testcase.dolphin.searchRec.ProductRecommendTest","com.testcase.dolphin.searchRec.ProductRecommendTest","getLandingPageProductListTest","get Landing page Product List for seo",""
"passed","Mon Jul 06 09:10:52 UTC 2026","Mon Jul 06 09:10:53 UTC 2026","701","API Coverage - Arise + Bamboo + Dolphin","Dolphin","com.testcase.dolphin.searchRec.CompanyMainSearchTest","com.testcase.dolphin.searchRec.CompanyMainSearchTest","wlwEnInterventionAluminiumRecyclingTest","wlwEnInterventionAluminiumRecyclingTest",""
"passed","Mon Jul 06 09:10:43 UTC 2026","Mon Jul 06 09:10:43 UTC 2026","262","API Coverage - Arise + Bamboo + Dolphin","Dolphin","com.testcase.dolphin.searchRec.ProductMainSearchTest","com.testcase.dolphin.searchRec.ProductMainSearchTest","wlwEnRewriteAirbagsTest","wlwEnRewriteAirbagsTest",""
"broken","Mon Jul 06 09:12:54 UTC 2026","Mon Jul 06 09:13:15 UTC 2026","20610","API Coverage - Arise + Bamboo + Dolphin","Dolphin","com.testcase.dolphin.searchRec.AICompanySearchTest","com.testcase.dolphin.searchRec.AICompanySearchTest","recallInvalidRlabSessionTest","AI Search recall: invalid rlabSessionId (negative / lenient)",""
"passed","Mon Jul 06 09:15:56 UTC 2026","Mon Jul 06 09:15:56 UTC 2026","366","API Coverage - Arise + Bamboo + Dolphin","Dolphin","com.testcase.dolphin.searchRec.ProductRecommendTest","com.testcase.dolphin.searchRec.ProductRecommendTest","getproductRecommendByQueryOnCserpTest","getproductRecommendByQueryOnCserpTest",""
"passed","Mon Jul 06 09:15:56 UTC 2026","Mon Jul 06 09:15:56 UTC 2026","63","API Coverage - Arise + Bamboo + Dolphin","Dolphin","com.testcase.dolphin.searchRec.ProductRecommendTest","com.testcase.dolphin.searchRec.ProductRecommendTest","cppProductRecommendTest","recommend products in CPP -- wlw",""
"failed","Mon Jul 06 09:10:28 UTC 2026","Mon Jul 06 09:10:28 UTC 2026","29","API Coverage - Arise + Bamboo + Dolphin","Arise","com.testcase.arise.seo.api.tmb.SEOElementsAPITest","com.testcase.arise.seo.api.tmb.SEOElementsAPITest","skwdAll","skwdAll",""
"broken","Mon Jul 06 09:13:35 UTC 2026","Mon Jul 06 09:13:55 UTC 2026","20009","API Coverage - Arise + Bamboo + Dolphin","Dolphin","com.testcase.dolphin.searchRec.AICompanySearchTest","com.testcase.dolphin.searchRec.AICompanySearchTest","recallPaidSupplierFilterTest","AI Search recall: paid supplier filter (verified=true)",""
"passed","Mon Jul 06 09:15:56 UTC 2026","Mon Jul 06 09:15:56 UTC 2026","45","API Coverage - Arise + Bamboo + Dolphin","Dolphin","com.testcase.dolphin.searchRec.ProductRecommendTest","com.testcase.dolphin.searchRec.ProductRecommendTest","getCategoryListEpTest","v-recommend category list -- ep",""
"passed","Mon Jul 06 09:10:42 UTC 2026","Mon Jul 06 09:10:42 UTC 2026","297","API Coverage - Arise + Bamboo + Dolphin","Dolphin","com.testcase.dolphin.searchRec.ProductMainSearchTest","com.testcase.dolphin.searchRec.ProductMainSearchTest","wlwDeRewriteAdhaesionsbeutelTest","wlwDeRewriteAdhaesionsbeutelTest",""
"passed","Mon Jul 06 09:10:36 UTC 2026","Mon Jul 06 09:10:36 UTC 2026","34","API Coverage - Arise + Bamboo + Dolphin","Dolphin","com.testcase.dolphin.searchRec.ProductMainSearchTest","com.testcase.dolphin.searchRec.ProductMainSearchTest","canExchangeTabTest","canExchangeTabTest",""
"passed","Mon Jul 06 09:10:37 UTC 2026","Mon Jul 06 09:10:38 UTC 2026","486","API Coverage - Arise + Bamboo + Dolphin","Dolphin","com.testcase.dolphin.searchRec.ProductMainSearchTest","com.testcase.dolphin.searchRec.ProductMainSearchTest","epEnNormalizationClothesWomensTest","epEnNormalizationClothesWomensTest",""
"passed","Mon Jul 06 09:10:47 UTC 2026","Mon Jul 06 09:10:48 UTC 2026","739","API Coverage - Arise + Bamboo + Dolphin","Dolphin","com.testcase.dolphin.searchRec.CompanyMainSearchTest","com.testcase.dolphin.searchRec.CompanyMainSearchTest","testCompanyMainSearch","testCompanyMainSearch",""
"passed","Mon Jul 06 09:10:51 UTC 2026","Mon Jul 06 09:10:51 UTC 2026","525","API Coverage - Arise + Bamboo + Dolphin","Dolphin","com.testcase.dolphin.searchRec.CompanyMainSearchTest","com.testcase.dolphin.searchRec.CompanyMainSearchTest","wlwDeNormalization2WelligePappeTest","wlwDeNormalization2WelligePappeTest",""
"broken","Mon Jul 06 09:14:15 UTC 2026","Mon Jul 06 09:14:35 UTC 2026","20015","API Coverage - Arise + Bamboo + Dolphin","Dolphin","com.testcase.dolphin.searchRec.AICompanySearchTest","com.testcase.dolphin.searchRec.AICompanySearchTest","recallSingleFilterTest","AI Search recall: single filter (verified=true)",""
"broken","Mon Jul 06 09:12:34 UTC 2026","Mon Jul 06 09:12:54 UTC 2026","20022","API Coverage - Arise + Bamboo + Dolphin","Dolphin","com.testcase.dolphin.searchRec.AICompanySearchTest","com.testcase.dolphin.searchRec.AICompanySearchTest","recallCountryFilterTest","AI Search recall: country filter DE",""
"failed","Mon Jul 06 09:16:30 UTC 2026","Mon Jul 06 09:16:30 UTC 2026","0","","Team Dragon - BFF|Requests Hub","","RFQ","","RFQ",""
"failed","Mon Jul 06 09:10:29 UTC 2026","Mon Jul 06 09:10:29 UTC 2026","15","API Coverage - Arise + Bamboo + Dolphin","Bamboo","com.testcase.dolphin.cpvProduct.CpvTest","com.testcase.dolphin.cpvProduct.CpvTest","listSubCategoriesTest","list sub Categories",""
"passed","Mon Jul 06 09:10:47 UTC 2026","Mon Jul 06 09:10:47 UTC 2026","15","API Coverage - Arise + Bamboo + Dolphin","Dolphin","com.testcase.dolphin.searchRec.CompanyMainSearchTest","com.testcase.dolphin.searchRec.CompanyMainSearchTest","getUserSearchHistoryTest","getUserSearchHistoryTest",""
"passed","Mon Jul 06 09:10:29 UTC 2026","Mon Jul 06 09:10:29 UTC 2026","477","API Coverage - Arise + Bamboo + Dolphin","Dolphin","com.testcase.dolphin.searchRec.ProductMainSearchTest","com.testcase.dolphin.searchRec.ProductMainSearchTest","EpProductMainSearchNoResultTest","ep product main search, return 0 result ",""
"passed","Mon Jul 06 09:10:50 UTC 2026","Mon Jul 06 09:10:51 UTC 2026","244","API Coverage - Arise + Bamboo + Dolphin","Dolphin","com.testcase.dolphin.searchRec.CompanyMainSearchTest","com.testcase.dolphin.searchRec.CompanyMainSearchTest","wlwDeInterventionAllianzGeneralvertretungTest","wlwDeInterventionAllianzGeneralvertretungTest",""
"broken","Mon Jul 06 09:10:41 UTC 2026","Mon Jul 06 09:10:41 UTC 2026","81","API Coverage - Arise + Bamboo + Dolphin","Dolphin","com.testcase.dolphin.searchRec.ProductMainSearchTest","com.testcase.dolphin.searchRec.ProductMainSearchTest","sponsorBrandPreviewTest","sponsorBrandPreviewTest",""
"failed","Mon Jul 06 09:10:49 UTC 2026","Mon Jul 06 09:10:50 UTC 2026","907","API Coverage - Arise + Bamboo + Dolphin","Dolphin","com.testcase.dolphin.searchRec.CompanyMainSearchTest","com.testcase.dolphin.searchRec.CompanyMainSearchTest","testTopRankingPreview","testTopRankingPreview",""
"passed","Mon Jul 06 09:10:26 UTC 2026","Mon Jul 06 09:10:26 UTC 2026","453","API Coverage - Arise + Bamboo + Dolphin","Arise","com.testcase.arise.seo.api.tmb.SEOElementsAPITest","com.testcase.arise.seo.api.tmb.SEOElementsAPITest","getAllElementsByUrlTest","getAllElementsByUrlTest",""
"passed","Mon Jul 06 09:10:32 UTC 2026","Mon Jul 06 09:10:32 UTC 2026","596","API Coverage - Arise + Bamboo + Dolphin","Dolphin","com.testcase.dolphin.searchRec.ProductMainSearchTest","com.testcase.dolphin.searchRec.ProductMainSearchTest","WlwProductNewMainSearch4SeoTest","WlwProductNewMainSearch4SeoTest",""
"passed","Mon Jul 06 09:10:49 UTC 2026","Mon Jul 06 09:10:49 UTC 2026","444","API Coverage - Arise + Bamboo + Dolphin","Dolphin","com.testcase.dolphin.searchRec.CompanyMainSearchTest","com.testcase.dolphin.searchRec.CompanyMainSearchTest","testCompanyMainSearchSidebarFilter","testCompanyMainSearchSidebarFilter",""
"broken","Mon Jul 06 09:15:15 UTC 2026","Mon Jul 06 09:15:35 UTC 2026","20012","API Coverage - Arise + Bamboo + Dolphin","Dolphin","com.testcase.dolphin.searchRec.AICompanySearchTest","com.testcase.dolphin.searchRec.AICompanySearchTest","termRecommendNoMockTest","AI Search term recommend API without mock",""
"passed","Mon Jul 06 09:10:26 UTC 2026","Mon Jul 06 09:10:26 UTC 2026","27","API Coverage - Arise + Bamboo + Dolphin","Arise","com.testcase.arise.seo.api.tmb.SEOElementsAPITest","com.testcase.arise.seo.api.tmb.SEOElementsAPITest","pageElementsGet","pageElementsGet",""
"broken","Mon Jul 06 09:10:28 UTC 2026","Mon Jul 06 09:10:29 UTC 2026","586","API Coverage - Arise + Bamboo + Dolphin","Bamboo","com.testcase.dolphin.cpvProduct.CpvTest","com.testcase.dolphin.cpvProduct.CpvTest","leafCategoryPredictTest","leafCategoryPredict",""
"broken","Mon Jul 06 09:11:14 UTC 2026","Mon Jul 06 09:11:34 UTC 2026","20021","API Coverage - Arise + Bamboo + Dolphin","Dolphin","com.testcase.dolphin.searchRec.AICompanySearchTest","com.testcase.dolphin.searchRec.AICompanySearchTest","inferenceTest","AI Search inference API (SSE stream)",""
"passed","Mon Jul 06 09:15:55 UTC 2026","Mon Jul 06 09:15:55 UTC 2026","76","API Coverage - Arise + Bamboo + Dolphin","Dolphin","com.testcase.dolphin.searchRec.ProductRecommendTest","com.testcase.dolphin.searchRec.ProductRecommendTest","EPPCppProductRecommendTest","recommend products in CPP -- ep",""
"passed","Mon Jul 06 09:10:45 UTC 2026","Mon Jul 06 09:10:46 UTC 2026","1013","API Coverage - Arise + Bamboo + Dolphin","Dolphin","com.testcase.dolphin.searchRec.CompanyMainSearchTest","com.testcase.dolphin.searchRec.CompanyMainSearchTest","epEnNormalizationClothesWomensTest","epEnNormalizationClothesWomensTest",""
"passed","Mon Jul 06 09:10:46 UTC 2026","Mon Jul 06 09:10:46 UTC 2026","312","API Coverage - Arise + Bamboo + Dolphin","Dolphin","com.testcase.dolphin.searchRec.CompanyMainSearchTest","com.testcase.dolphin.searchRec.CompanyMainSearchTest","epEsRewriteJalapenosTest","epEsRewriteJalapenosTest",""
"passed","Mon Jul 06 09:10:53 UTC 2026","Mon Jul 06 09:10:53 UTC 2026","200","API Coverage - Arise + Bamboo + Dolphin","Dolphin","com.testcase.dolphin.searchRec.CompanyMainSearchTest","com.testcase.dolphin.searchRec.CompanyMainSearchTest","wlwEnNormalizationScarfCashmereWoolTest","wlwEnNormalizationScarfCashmereWoolTest",""
"passed","Mon Jul 06 09:15:56 UTC 2026","Mon Jul 06 09:15:56 UTC 2026","72","API Coverage - Arise + Bamboo + Dolphin","Dolphin","com.testcase.dolphin.searchRec.ProductRecommendTest","com.testcase.dolphin.searchRec.ProductRecommendTest","EPZeroResultProductRecommendTest","Recommend products in 0 result search list page v1 -- ep",""
"broken","Mon Jul 06 09:14:35 UTC 2026","Mon Jul 06 09:14:55 UTC 2026","20016","API Coverage - Arise + Bamboo + Dolphin","Dolphin","com.testcase.dolphin.searchRec.AICompanySearchTest","com.testcase.dolphin.searchRec.AICompanySearchTest","recallTest","AI Search recall (supplierTextSearch) API using params from inference",""
"passed","Mon Jul 06 09:10:29 UTC 2026","Mon Jul 06 09:10:29 UTC 2026","17","API Coverage - Arise + Bamboo + Dolphin","Bamboo","com.testcase.dolphin.cpvProduct.CpvTest","com.testcase.dolphin.cpvProduct.CpvTest","listTopCategoriesTest","list top Categories",""
"broken","Mon Jul 06 09:14:55 UTC 2026","Mon Jul 06 09:15:15 UTC 2026","20381","API Coverage - Arise + Bamboo + Dolphin","Dolphin","com.testcase.dolphin.searchRec.AICompanySearchTest","com.testcase.dolphin.searchRec.AICompanySearchTest","recallTopRankingScenarioTest","AI Search recall: wlw-staging.de cnc top-ranking scenario",""
"passed","Mon Jul 06 09:10:46 UTC 2026","Mon Jul 06 09:10:47 UTC 2026","504","API Coverage - Arise + Bamboo + Dolphin","Dolphin","com.testcase.dolphin.searchRec.CompanyMainSearchTest","com.testcase.dolphin.searchRec.CompanyMainSearchTest","epFrInterventionAccessoiresDePortailsTest","epFrInterventionAccessoiresDePortailsTest",""
"passed","Mon Jul 06 09:10:47 UTC 2026","Mon Jul 06 09:10:47 UTC 2026","233","API Coverage - Arise + Bamboo + Dolphin","Dolphin","com.testcase.dolphin.searchRec.CompanyMainSearchTest","com.testcase.dolphin.searchRec.CompanyMainSearchTest","epFrRewriteEpinglTest","epFrRewriteEpinglTest",""
"passed","Mon Jul 06 09:15:55 UTC 2026","Mon Jul 06 09:15:55 UTC 2026","78","API Coverage - Arise + Bamboo + Dolphin","Dolphin","com.testcase.dolphin.searchRec.ProductRecommendTest","com.testcase.dolphin.searchRec.ProductRecommendTest","EPOtherStoreProductRecommendTest","product other store recommend",""
"passed","Mon Jul 06 09:10:36 UTC 2026","Mon Jul 06 09:10:36 UTC 2026","261","API Coverage - Arise + Bamboo + Dolphin","Dolphin","com.testcase.dolphin.searchRec.ProductMainSearchTest","com.testcase.dolphin.searchRec.ProductMainSearchTest","epDeNormalizationPflanzenschutzmittelTest","epDeNormalizationPflanzenschutzmittelTest",""
"failed","Mon Jul 06 09:10:49 UTC 2026","Mon Jul 06 09:10:49 UTC 2026","232","API Coverage - Arise + Bamboo + Dolphin","Dolphin","com.testcase.dolphin.searchRec.CompanyMainSearchTest","com.testcase.dolphin.searchRec.CompanyMainSearchTest","testCompanyMainSearchNoResult","testCompanyMainSearchNoResult",""
"passed","Mon Jul 06 09:10:26 UTC 2026","Mon Jul 06 09:10:28 UTC 2026","1406","API Coverage - Arise + Bamboo + Dolphin","Arise","com.testcase.arise.seo.api.tmb.SEOElementsAPITest","com.testcase.arise.seo.api.tmb.SEOElementsAPITest","psearchProxySearch","psearchProxySearch",""
"passed","Mon Jul 06 09:10:43 UTC 2026","Mon Jul 06 09:10:44 UTC 2026","472","API Coverage - Arise + Bamboo + Dolphin","Dolphin","com.testcase.dolphin.searchRec.CompanyMainSearchTest","com.testcase.dolphin.searchRec.CompanyMainSearchTest","epDeNormalization2WelligePappeTest","epDeNormalization2WelligePappeTest",""
"passed","Mon Jul 06 09:10:48 UTC 2026","Mon Jul 06 09:10:49 UTC 2026","823","API Coverage - Arise + Bamboo + Dolphin","Dolphin","com.testcase.dolphin.searchRec.CompanyMainSearchTest","com.testcase.dolphin.searchRec.CompanyMainSearchTest","testCompanyMainSearchLocationSort","testCompanyMainSearchLocationSort",""
"broken","Mon Jul 06 09:10:28 UTC 2026","Mon Jul 06 09:10:28 UTC 2026","93","API Coverage - Arise + Bamboo + Dolphin","Bamboo","com.testcase.dolphin.cpvProduct.CpvTest","com.testcase.dolphin.cpvProduct.CpvTest","findCategoryByIdTest","findCategoryById",""
"passed","Mon Jul 06 09:10:47 UTC 2026","Mon Jul 06 09:10:47 UTC 2026","103","API Coverage - Arise + Bamboo + Dolphin","Dolphin","com.testcase.dolphin.searchRec.CompanyMainSearchTest","com.testcase.dolphin.searchRec.CompanyMainSearchTest","getAutoCompleteForSearchTermTest","getAutoCompleteForSearchTermTest",""
"broken","Mon Jul 06 09:13:55 UTC 2026","Mon Jul 06 09:14:15 UTC 2026","20020","API Coverage - Arise + Bamboo + Dolphin","Dolphin","com.testcase.dolphin.searchRec.AICompanySearchTest","com.testcase.dolphin.searchRec.AICompanySearchTest","recallSecondPageTest","AI Search recall: pagination page 2",""
"passed","Mon Jul 06 09:10:38 UTC 2026","Mon Jul 06 09:10:39 UTC 2026","505","API Coverage - Arise + Bamboo + Dolphin","Dolphin","com.testcase.dolphin.searchRec.ProductMainSearchTest","com.testcase.dolphin.searchRec.ProductMainSearchTest","epFrInterventionAbatJourTest","epFrInterventionAbatJourTest",""
"broken","Mon Jul 06 09:10:39 UTC 2026","Mon Jul 06 09:10:39 UTC 2026","36","API Coverage - Arise + Bamboo + Dolphin","Dolphin","com.testcase.dolphin.searchRec.ProductMainSearchTest","com.testcase.dolphin.searchRec.ProductMainSearchTest","getProductUuidByCompanyUuidTest","getProductUuidByCompanyUuidTest",""
"failed","Mon Jul 06 09:15:56 UTC 2026","Mon Jul 06 09:15:56 UTC 2026","42","API Coverage - Arise + Bamboo + Dolphin","Dolphin","com.testcase.dolphin.searchRec.ProductRecommendTest","com.testcase.dolphin.searchRec.ProductRecommendTest","sameStoreProductRecommendTest","product same store recommend -- wlw",""
"passed","Mon Jul 06 09:10:41 UTC 2026","Mon Jul 06 09:10:42 UTC 2026","361","API Coverage - Arise + Bamboo + Dolphin","Dolphin","com.testcase.dolphin.searchRec.ProductMainSearchTest","com.testcase.dolphin.searchRec.ProductMainSearchTest","wlwDeInterventionAntiquitaetenTest","wlwDeInterventionAntiquitaetenTest",""
"passed","Mon Jul 06 09:10:42 UTC 2026","Mon Jul 06 09:10:42 UTC 2026","242","API Coverage - Arise + Bamboo + Dolphin","Dolphin","com.testcase.dolphin.searchRec.ProductMainSearchTest","com.testcase.dolphin.searchRec.ProductMainSearchTest","wlwEnInterventionAirbagsTest","wlwEnInterventionAirbagsTest",""
"passed","Mon Jul 06 09:10:51 UTC 2026","Mon Jul 06 09:10:52 UTC 2026","776","API Coverage - Arise + Bamboo + Dolphin","Dolphin","com.testcase.dolphin.searchRec.CompanyMainSearchTest","com.testcase.dolphin.searchRec.CompanyMainSearchTest","wlwDeRewriteAdhaesionsbeutelTest","wlwDeRewriteAdhaesionsbeutelTest",""
"passed","Mon Jul 06 09:10:42 UTC 2026","Mon Jul 06 09:10:42 UTC 2026","292","API Coverage - Arise + Bamboo + Dolphin","Dolphin","com.testcase.dolphin.searchRec.ProductMainSearchTest","com.testcase.dolphin.searchRec.ProductMainSearchTest","wlwDeNormalizationAnkaufVonPalettenTest","wlwDeNormalizationAnkaufVonPalettenTest",""
"passed","Mon Jul 06 09:10:44 UTC 2026","Mon Jul 06 09:10:44 UTC 2026","539","API Coverage - Arise + Bamboo + Dolphin","Dolphin","com.testcase.dolphin.searchRec.CompanyMainSearchTest","com.testcase.dolphin.searchRec.CompanyMainSearchTest","epDeRewriteAdressbuecherTest","epDeRewriteAdressbuecherTest",""
"passed","Mon Jul 06 09:10:33 UTC 2026","Mon Jul 06 09:10:33 UTC 2026","513","API Coverage - Arise + Bamboo + Dolphin","Dolphin","com.testcase.dolphin.searchRec.ProductMainSearchTest","com.testcase.dolphin.searchRec.ProductMainSearchTest","WlwProductNewMainSearchSidebarFilterTest","WlwProductNewMainSearchSidebarFilterTest",""
"passed","Mon Jul 06 09:10:44 UTC 2026","Mon Jul 06 09:10:45 UTC 2026","315","API Coverage - Arise + Bamboo + Dolphin","Dolphin","com.testcase.dolphin.searchRec.CompanyMainSearchTest","com.testcase.dolphin.searchRec.CompanyMainSearchTest","epEnIntervention3dLenticularPrintingTest","epEnIntervention3dLenticularPrintingTest",""
"passed","Mon Jul 06 09:10:43 UTC 2026","Mon Jul 06 09:10:43 UTC 2026","95","API Coverage - Arise + Bamboo + Dolphin","Dolphin","com.testcase.dolphin.searchRec.CompanyMainSearchTest","com.testcase.dolphin.searchRec.CompanyMainSearchTest","companySearchWidgetTest","companySearchWidgetTest",""
"passed","Mon Jul 06 09:10:53 UTC 2026","Mon Jul 06 09:10:53 UTC 2026","506","API Coverage - Arise + Bamboo + Dolphin","Dolphin","com.testcase.dolphin.searchRec.CompanyMainSearchTest","com.testcase.dolphin.searchRec.CompanyMainSearchTest","wlwEnRewriteAirbagsTest","wlwEnRewriteAirbagsTest",""
"passed","Mon Jul 06 09:10:47 UTC 2026","Mon Jul 06 09:10:47 UTC 2026","30","API Coverage - Arise + Bamboo + Dolphin","Dolphin","com.testcase.dolphin.searchRec.CompanyMainSearchTest","com.testcase.dolphin.searchRec.CompanyMainSearchTest","getTopCateGoryFromSearchTermTest","getTopCateGoryFromSearchTermTest",""
"passed","Mon Jul 06 09:15:55 UTC 2026","Mon Jul 06 09:15:55 UTC 2026","140","API Coverage - Arise + Bamboo + Dolphin","Dolphin","com.testcase.dolphin.searchRec.ProductRecommendTest","com.testcase.dolphin.searchRec.ProductRecommendTest","EPHomepageProductRecommendTest","homepage product recommend -- ep",""
"passed","Mon Jul 06 09:10:28 UTC 2026","Mon Jul 06 09:10:28 UTC 2026","192","API Coverage - Arise + Bamboo + Dolphin","Arise","com.testcase.arise.seo.api.tmb.SEOElementsAPITest","com.testcase.arise.seo.api.tmb.SEOElementsAPITest","skwd","skwd",""
"passed","Mon Jul 06 09:10:43 UTC 2026","Mon Jul 06 09:10:43 UTC 2026","171","API Coverage - Arise + Bamboo + Dolphin","Dolphin","com.testcase.dolphin.searchRec.CompanyMainSearchTest","com.testcase.dolphin.searchRec.CompanyMainSearchTest","companySearchCountTest","companySearchCountTest",""
"passed","Mon Jul 06 09:10:34 UTC 2026","Mon Jul 06 09:10:36 UTC 2026","2239","API Coverage - Arise + Bamboo + Dolphin","Dolphin","com.testcase.dolphin.searchRec.ProductMainSearchTest","com.testcase.dolphin.searchRec.ProductMainSearchTest","WlwProductPriceRangeFilterTest","WlwProductPriceRangeFilterTest",""
"passed","Mon Jul 06 09:10:33 UTC 2026","Mon Jul 06 09:10:34 UTC 2026","496","API Coverage - Arise + Bamboo + Dolphin","Dolphin","com.testcase.dolphin.searchRec.ProductMainSearchTest","com.testcase.dolphin.searchRec.ProductMainSearchTest","WlwProductNewMainSearchTest","WlwProductNewMainSearchTest",""
"broken","Mon Jul 06 09:12:14 UTC 2026","Mon Jul 06 09:12:34 UTC 2026","20010","API Coverage - Arise + Bamboo + Dolphin","Dolphin","com.testcase.dolphin.searchRec.AICompanySearchTest","com.testcase.dolphin.searchRec.AICompanySearchTest","recallAlternateSortTest","AI Search recall: alternate sort (order_num_desc)",""
"passed","Mon Jul 06 09:15:56 UTC 2026","Mon Jul 06 09:15:56 UTC 2026","39","API Coverage - Arise + Bamboo + Dolphin","Dolphin","com.testcase.dolphin.searchRec.ProductRecommendTest","com.testcase.dolphin.searchRec.ProductRecommendTest","getCategoryListWlwWithPreferredSuperCategoryIdsTest","v-recommend category list -- wlw, with preferredSuperCategoryIds",""
"passed","Mon Jul 06 09:10:37 UTC 2026","Mon Jul 06 09:10:37 UTC 2026","310","API Coverage - Arise + Bamboo + Dolphin","Dolphin","com.testcase.dolphin.searchRec.ProductMainSearchTest","com.testcase.dolphin.searchRec.ProductMainSearchTest","epEnInterventionAirbagsTest","epEnInterventionAirbagsTest",""
"passed","Mon Jul 06 09:15:56 UTC 2026","Mon Jul 06 09:15:56 UTC 2026","66","API Coverage - Arise + Bamboo + Dolphin","Dolphin","com.testcase.dolphin.searchRec.ProductRecommendTest","com.testcase.dolphin.searchRec.ProductRecommendTest","zeroResultProductRecommendTest","Recommend products in 0 result search list page v1 -- wlw",""
"passed","Mon Jul 06 09:10:40 UTC 2026","Mon Jul 06 09:10:41 UTC 2026","1406","API Coverage - Arise + Bamboo + Dolphin","Dolphin","com.testcase.dolphin.searchRec.ProductMainSearchTest","com.testcase.dolphin.searchRec.ProductMainSearchTest","productSearchRelevanceReportToolTest","productSearchRelevanceReportToolTest",""
"broken","Mon Jul 06 09:11:54 UTC 2026","Mon Jul 06 09:12:14 UTC 2026","20023","API Coverage - Arise + Bamboo + Dolphin","Dolphin","com.testcase.dolphin.searchRec.AICompanySearchTest","com.testcase.dolphin.searchRec.AICompanySearchTest","pvMatchTest","AI Search PV match (supplierAiMatch) API",""
"passed","Mon Jul 06 09:10:38 UTC 2026","Mon Jul 06 09:10:38 UTC 2026","257","API Coverage - Arise + Bamboo + Dolphin","Dolphin","com.testcase.dolphin.searchRec.ProductMainSearchTest","com.testcase.dolphin.searchRec.ProductMainSearchTest","epEsRewriteJalapenosTest","epEsRewriteJalapenosTest",""
"passed","Mon Jul 06 09:10:36 UTC 2026","Mon Jul 06 09:10:37 UTC 2026","427","API Coverage - Arise + Bamboo + Dolphin","Dolphin","com.testcase.dolphin.searchRec.ProductMainSearchTest","com.testcase.dolphin.searchRec.ProductMainSearchTest","epDeRewriteAdressbuecherTest","epDeRewriteAdressbuecherTest",""
"passed","Mon Jul 06 09:15:56 UTC 2026","Mon Jul 06 09:15:56 UTC 2026","82","API Coverage - Arise + Bamboo + Dolphin","Dolphin","com.testcase.dolphin.searchRec.ProductRecommendTest","com.testcase.dolphin.searchRec.ProductRecommendTest","homepageProductRecommendTest","homepage product recommend -- wlw",""
"passed","Mon Jul 06 09:10:43 UTC 2026","Mon Jul 06 09:10:43 UTC 2026","92","API Coverage - Arise + Bamboo + Dolphin","Dolphin","com.testcase.dolphin.searchRec.CompanyMainSearchTest","com.testcase.dolphin.searchRec.CompanyMainSearchTest","companySearchFilterTest","companySearchFilterTest",""
"passed","Mon Jul 06 09:10:38 UTC 2026","Mon Jul 06 09:10:38 UTC 2026","230","API Coverage - Arise + Bamboo + Dolphin","Dolphin","com.testcase.dolphin.searchRec.ProductMainSearchTest","com.testcase.dolphin.searchRec.ProductMainSearchTest","epEnRewriteAirbagsTest","epEnRewriteAirbagsTest",""
"broken","Mon Jul 06 09:10:53 UTC 2026","Mon Jul 06 09:11:14 UTC 2026","20513","API Coverage - Arise + Bamboo + Dolphin","Dolphin","com.testcase.dolphin.searchRec.AICompanySearchTest","com.testcase.dolphin.searchRec.AICompanySearchTest","inferenceShortQueryTest","AI Search inference: minimal searchText boundary",""
"failed","Mon Jul 06 09:10:32 UTC 2026","Mon Jul 06 09:10:33 UTC 2026","513","API Coverage - Arise + Bamboo + Dolphin","Dolphin","com.testcase.dolphin.searchRec.ProductMainSearchTest","com.testcase.dolphin.searchRec.ProductMainSearchTest","WlwProductNewMainSearchLocationFilterTest","WlwProductNewMainSearchLocationFilterTest",""
"passed","Mon Jul 06 09:10:39 UTC 2026","Mon Jul 06 09:10:39 UTC 2026","243","API Coverage - Arise + Bamboo + Dolphin","Dolphin","com.testcase.dolphin.searchRec.ProductMainSearchTest","com.testcase.dolphin.searchRec.ProductMainSearchTest","productMainSearchNoResultTest","product main search without TR, return 0 result",""
"passed","Mon Jul 06 09:10:46 UTC 2026","Mon Jul 06 09:10:46 UTC 2026","400","API Coverage - Arise + Bamboo + Dolphin","Dolphin","com.testcase.dolphin.searchRec.CompanyMainSearchTest","com.testcase.dolphin.searchRec.CompanyMainSearchTest","epEnRewriteAirbagsTest","epEnRewriteAirbagsTest",""
"broken","Mon Jul 06 09:11:34 UTC 2026","Mon Jul 06 09:11:54 UTC 2026","20024","API Coverage - Arise + Bamboo + Dolphin","Dolphin","com.testcase.dolphin.searchRec.AICompanySearchTest","com.testcase.dolphin.searchRec.AICompanySearchTest","pvMatchEmptyCompanyListTest","AI Search PV match: empty companyList",""
"broken","Mon Jul 06 09:15:35 UTC 2026","Mon Jul 06 09:15:55 UTC 2026","20020","API Coverage - Arise + Bamboo + Dolphin","Dolphin","com.testcase.dolphin.searchRec.AICompanySearchTest","com.testcase.dolphin.searchRec.AICompanySearchTest","termRecommendTest","AI Search term recommend API",""
"passed","Mon Jul 06 09:10:47 UTC 2026","Mon Jul 06 09:10:47 UTC 2026","43","API Coverage - Arise + Bamboo + Dolphin","Dolphin","com.testcase.dolphin.searchRec.CompanyMainSearchTest","com.testcase.dolphin.searchRec.CompanyMainSearchTest","getSuggestionWordTest","getSuggestionWordTest",""
"passed","Mon Jul 06 09:15:56 UTC 2026","Mon Jul 06 09:15:56 UTC 2026","45","API Coverage - Arise + Bamboo + Dolphin","Dolphin","com.testcase.dolphin.searchRec.ProductRecommendTest","com.testcase.dolphin.searchRec.ProductRecommendTest","getCategoryListWlwTest","v-recommend category list -- wlw, full categories",""
"passed","Mon Jul 06 09:10:39 UTC 2026","Mon Jul 06 09:10:40 UTC 2026","436","API Coverage - Arise + Bamboo + Dolphin","Dolphin","com.testcase.dolphin.searchRec.ProductMainSearchTest","com.testcase.dolphin.searchRec.ProductMainSearchTest","productSearchCountTest","productSearchCountTest",""
"passed","Mon Jul 06 09:15:56 UTC 2026","Mon Jul 06 09:15:56 UTC 2026","66","API Coverage - Arise + Bamboo + Dolphin","Dolphin","com.testcase.dolphin.searchRec.ProductRecommendTest","com.testcase.dolphin.searchRec.ProductRecommendTest","otherStoreProductRecommendTest","product other store recommend",""
"failed","Mon Jul 06 09:10:42 UTC 2026","Mon Jul 06 09:10:43 UTC 2026","249","API Coverage - Arise + Bamboo + Dolphin","Dolphin","com.testcase.dolphin.searchRec.ProductMainSearchTest","com.testcase.dolphin.searchRec.ProductMainSearchTest","wlwEnNormalizationScarfCashmereWoolTest","wlwEnNormalizationScarfCashmereWoolTest",""
"failed","Mon Jul 06 09:16:30 UTC 2026","Mon Jul 06 09:16:30 UTC 2026","0","","Team Dragon - BFF|Requests Hub","","RFQ","","RFQ",""
"passed","Mon Jul 06 09:15:55 UTC 2026","Mon Jul 06 09:15:56 UTC 2026","82","API Coverage - Arise + Bamboo + Dolphin","Dolphin","com.testcase.dolphin.searchRec.ProductRecommendTest","com.testcase.dolphin.searchRec.ProductRecommendTest","EPSameStoreProductRecommendTest","product same store recommend -- ep",""
"broken","Mon Jul 06 09:13:15 UTC 2026","Mon Jul 06 09:13:35 UTC 2026","20013","API Coverage - Arise + Bamboo + Dolphin","Dolphin","com.testcase.dolphin.searchRec.AICompanySearchTest","com.testcase.dolphin.searchRec.AICompanySearchTest","recallNoResultQueryTest","AI Search recall: no-result query (empty offers or zero total)",""
"failed","Mon Jul 06 09:16:30 UTC 2026","Mon Jul 06 09:16:30 UTC 2026","0","","Team Dragon - BFF|Requests Hub","","RFQ_Attachment","","RFQ_Attachment",""
